v 0.412416 0.403663 -0.061564
v -0.134280 -0.532270 -0.026940
v -0.251987 0.096299 -0.404034
v -0.398133 0.176915 -0.224733
v -0.341822 -0.151594 -0.225263
v -0.035261 -0.347580 -0.322827
v -0.456769 -0.055102 -0.000152
v -0.379902 0.111275 0.030705
v 0.252962 0.162854 -0.443909
v 0.099527 -0.281481 0.454521
v -0.125704 -0.091848 0.412798
v -0.210520 -0.426981 0.293123
v 0.157670 0.373558 0.243159
v 0.130309 0.081766 -0.362120
v 0.181119 0.367518 -0.221375
v 0.497035 0.210504 -0.039895
v -0.434039 -0.286382 -0.024248
v 0.457874 0.172191 -0.183899
v -0.422719 0.145116 -0.116288
v 0.381869 -0.030641 0.238713
v 0.244024 -0.298478 -0.391208
v -0.217245 0.212227 -0.438688
v 0.481915 0.195253 0.070642
v -0.428131 0.146653 -0.017744
v -0.110234 -0.151651 0.451980
v 0.043194 -0.544258 -0.127183
v 0.135953 -0.409204 0.253338
v -0.261459 0.224336 -0.239489
v -0.281084 -0.342676 -0.069383
v 0.101738 0.384095 -0.303312
v 0.420679 0.033255 0.198760
v -0.208656 -0.274990 -0.247704
v -0.067925 -0.060491 0.248832
v 0.262903 0.108697 -0.385184
v 0.402427 0.326032 -0.186773
v -0.323886 -0.005635 0.008308
v -0.036049 -0.004900 0.388168
v -0.251603 -0.358872 0.101458
v -0.179961 0.161256 -0.333690
v 0.305382 -0.457353 -0.182279
v -0.172875 -0.521619 0.075777
v 0.207864 0.370058 -0.125757
v 0.298580 0.019666 -0.404424
v -0.325576 -0.372162 0.029182
v -0.183533 0.404822 0.207853
v -0.354955 -0.408502 -0.047736
v 0.483014 -0.152924 -0.143838
v -0.494237 0.191900 -0.162294
v 0.116038 -0.289119 0.335486
v 0.368585 0.409014 0.032991
v 0.109221 0.194554 -0.488036
v 0.450625 0.034157 -0.238801
v 0.531592 0.011412 0.091683
v 0.352049 -0.399090 0.107148
v -0.025312 -0.537090 -0.007371
v 0.280065 -0.111023 -0.445578
v -0.432247 0.250296 -0.169385
v -0.438764 0.030250 0.034427
v -0.331534 -0.293586 0.219725
v -0.023262 0.240913 0.294358
v -0.280746 0.223254 -0.342988
v -0.178011 -0.456597 0.138294
v 0.333577 -0.436025 -0.041338
v 0.047961 0.473663 0.205665
v 0.457453 -0.232548 0.131598
v 0.267654 0.223250 -0.369079
v -0.479950 0.085960 -0.129245
v -0.284704 0.368848 0.005710
v -0.370500 0.087609 -0.180332
v 0.397496 -0.384007 -0.154108
v -0.392923 -0.310856 0.053663
v -0.108813 -0.435308 -0.195050
v 0.428058 -0.383342 -0.031506
v 0.033666 -0.376552 0.435150
v -0.046069 0.406277 0.286746
v -0.245281 -0.163916 0.038196
v 0.015541 -0.129290 -0.382879
v 0.189088 -0.484615 -0.130098
v 0.150634 0.515819 0.035259
v -0.196767 0.449295 -0.024384
v -0.226796 -0.073279 -0.319640
v -0.168990 0.470904 0.100391
v -0.437210 -0.018051 -0.156730
v -0.412669 -0.034015 -0.249157
v -0.057343 0.446208 0.122144
v -0.397872 -0.208686 -0.082130
v 0.317303 0.399254 -0.046884
v -0.157688 0.328558 0.262159
v 0.244740 0.188210 0.291691
v -0.461900 -0.110617 -0.142943
v 0.280084 -0.397625 -0.119835
v -0.461130 -0.124653 -0.058130
v -0.247453 -0.431389 0.208463
v -0.389640 -0.107411 0.057147
v 0.315607 0.207258 -0.280043
v 0.271150 0.405751 -0.230140
v -0.254635 -0.486854 -0.071181
v 0.438937 -0.285753 -0.140207
v -0.335976 0.252197 -0.153348
v -0.422961 0.228828 -0.037369
v -0.124671 -0.408485 0.290194
v 0.487984 -0.222110 -0.066990
v 0.168886 0.497253 0.164096
v -0.051339 -0.439715 0.313641
v 0.157614 -0.025500 0.379260
v 0.422781 -0.053143 -0.200629
v 0.267129 -0.029014 -0.413625
v 0.403542 -0.302515 0.244545
v 0.472797 -0.321129 -0.026074
v -0.376088 0.035984 -0.246096
v -0.433522 -0.189903 0.025961
v -0.259237 -0.273031 -0.154396
v -0.321468 0.234453 0.015900
v -0.094931 -0.375659 0.414570
v 0.349731 -0.358294 0.202834
v -0.137820 -0.334651 0.334567
v 0.518665 -0.072520 0.069048
v -0.343104 0.310335 -0.231183
v -0.081483 -0.519182 -0.122302
v -0.060536 -0.309117 0.379569
v 0.305178 -0.401916 -0.284772
v -0.354518 -0.140545 0.162345
v 0.073564 0.490593 -0.140153
v -0.121443 -0.210878 0.327655
v -0.081089 0.107255 -0.431557
v -0.065977 -0.504201 0.125035
v -0.344112 -0.169859 -0.128763
v 0.517031 0.022011 -0.000798
v 0.000682 0.359509 -0.314819
v 0.054706 -0.145309 0.404794
v 0.536860 0.117767 -0.024334
v -0.258839 -0.007872 0.194660
v -0.215190 -0.260761 0.204016
v -0.352575 -0.126368 -0.014409
v -0.332851 -0.290282 0.119187
v -0.494298 0.122262 -0.257978
v 0.455689 -0.345327 0.105183
v 0.334997 -0.276458 -0.330091
v -0.223735 0.080388 0.026838
v -0.224024 0.366866 -0.075220
v -0.367429 0.271427 -0.309720
v -0.277646 -0.470037 0.118223
v -0.294901 0.020372 -0.326933
v 0.241420 0.408065 0.164284
v 0.443813 -0.139500 0.111637
v 0.138093 0.048212 -0.458732
v 0.152261 -0.443782 0.243200
v 0.036236 -0.225907 0.463829
v 0.149004 -0.384284 0.374149
v 0.042415 0.509711 0.112978
v -0.119626 0.247762 -0.421843
v 0.304887 -0.413414 0.246026
v 0.364047 0.306372 0.000890
v 0.086462 -0.072956 0.493811
v -0.294205 -0.264226 0.007885
v -0.282257 0.121881 -0.281284
v -0.151389 -0.069735 -0.395360
v 0.356416 0.110056 -0.340522
v 0.472795 0.302861 -0.022749
v 0.160628 0.195089 0.362354
v -0.255476 -0.270937 0.319505
v 0.156480 -0.145355 0.428133
v 0.156626 0.002126 -0.514628
v -0.164685 -0.280938 0.427615
v -0.357533 -0.291160 -0.131468
v -0.226708 -0.402174 -0.160244
v 0.162763 0.463241 -0.070099
v 0.376943 0.414643 -0.133431
v 0.058959 0.097794 0.420207
v -0.042984 -0.238106 0.382221
v -0.349773 -0.420431 0.083867
v 0.351246 0.065459 0.301342
v -0.300893 0.301461 0.103772
v -0.237521 -0.349468 0.245381
v -0.351644 0.336563 -0.064019
v 0.106015 -0.465791 -0.188055
v -0.274569 -0.364117 0.351192
v -0.503545 0.128706 -0.050253
v -0.076547 -0.293327 0.490246
v -0.075633 0.000738 -0.459088
v 0.231726 0.450092 0.068627
v 0.344262 0.304802 0.192856
v -0.074833 0.492146 0.196407
v 0.391481 -0.317114 0.067682
v -0.052507 0.495800 0.021150
v 0.098380 -0.217149 -0.441360
v 0.320836 0.315123 -0.293929
v 0.103953 0.014965 0.364934
v 0.213863 -0.411239 -0.341799
v 0.034970 -0.414122 0.343102
v 0.105023 -0.499673 0.027935
v 0.187040 0.096568 -0.505617
v -0.285414 -0.234369 0.139333
v 0.182798 0.299225 -0.402995
v -0.208975 -0.426529 0.024959
v 0.076979 0.496809 0.040658
v 0.414278 -0.170671 -0.249626
v -0.141570 -0.211453 -0.284248
v -0.285776 0.112576 -0.142645
v -0.265495 0.400721 0.114978
v -0.302287 -0.054595 -0.207582
v -0.248916 0.346944 -0.230831
v 0.047946 -0.473574 -0.232486
v -0.145533 0.373951 -0.292660
v -0.147347 0.209303 0.180311
v -0.473996 0.025006 -0.047609
v -0.284151 -0.131922 -0.289683
v 0.253600 0.449124 -0.114622
v 0.201156 -0.480047 -0.220599
v 0.295618 -0.071527 0.372113
v 0.108751 0.246758 -0.396169
v 0.003368 0.144832 -0.497391
v -0.378405 -0.191486 0.102310
v 0.510890 -0.176064 0.109679
v 0.379318 -0.185601 0.302428
v 0.369861 0.126061 0.151485
v 0.161098 -0.515262 -0.058568
v 0.131333 -0.328172 -0.320432
v 0.219009 -0.213527 -0.383585
v -0.337723 -0.393476 0.183886
v 0.278170 -0.302682 0.321691
v -0.215755 0.301827 -0.344506
v -0.073915 0.145002 0.405049
v 0.016160 0.069795 -0.422302
v 0.451322 -0.106902 0.196198
v 0.291411 0.461889 0.023081
v 0.176569 -0.097553 -0.458283
v -0.202413 -0.157228 0.202555
v -0.046573 0.281962 -0.453108
v -0.146705 0.135383 -0.422133
v -0.379678 -0.083140 -0.103289
v 0.486809 0.124908 0.085715
v -0.363853 0.169124 -0.326199
v 0.464095 0.269244 -0.135885
v 0.105054 0.155441 -0.409149
v 0.069166 -0.026106 -0.451351
v 0.247017 -0.327521 -0.229030
v -0.191557 0.056855 -0.355087
v -0.015529 -0.054270 0.452340
v 0.501382 -0.250171 0.017727
v -0.326710 -0.058713 0.104962
v -0.087764 0.450634 -0.112932
v -0.283142 -0.515270 0.031273
v 0.360279 -0.130992 -0.348600
v -0.523649 0.028241 -0.140423
v 0.373625 -0.325813 -0.232687
v -0.031080 -0.156457 0.512888
v 0.056717 0.320972 0.314822
v 0.236856 -0.234216 0.399876
v -0.371857 0.015679 -0.105609
v 0.529473 -0.132969 -0.029575
v 0.511694 -0.027232 -0.079626
v -0.374012 0.095212 -0.347846
v 0.271807 -0.441411 0.036779
v -0.077131 0.249115 -0.320484
v 0.405430 0.290610 0.095682
v -0.060334 -0.109058 0.035945
v -0.024653 -0.098797 0.003463
v 0.019219 -0.050492 -0.032044
v 0.008815 -0.147352 0.007758
v -0.088210 -0.073631 -0.071612
v -0.038358 -0.016559 0.055863
v 0.001539 -0.149232 0.105210
v -0.012067 -0.139345 -0.093788
v -0.056888 0.033605 -0.060709
v 0.069275 -0.090011 0.110288
v -0.094352 -0.112049 -0.137535
v -0.051450 -0.039863 -0.077272
v 0.097119 -0.157995 0.127467
v -0.043639 -0.025008 -0.125105
v -0.062833 0.090126 -0.097377
v 0.080551 -0.149164 0.044748
v -0.043174 -0.076225 -0.176728
v -0.014500 0.035709 -0.031406
v 0.100000 -0.208699 0.073202
v -0.053413 0.037868 -0.158673
v -0.036245 0.111972 -0.062616
v 0.044833 -0.188817 0.016073
v -0.019661 -0.008081 -0.196770
v 0.021312 0.091209 -0.015178
v 0.124515 -0.242086 -0.000208
v 0.027598 0.104262 -0.137442
v 0.001488 0.166655 0.007375
v 0.098959 -0.189221 -0.054665
v 0.024047 -0.033487 -0.118554
v 0.074108 0.097705 0.012835
v 0.066236 -0.263651 -0.039915
v 0.077377 0.103322 -0.096214
v 0.053307 0.167873 0.056626
v 0.030558 -0.217640 -0.083126
v 0.077072 0.029918 -0.055710
v 0.143378 0.115622 0.061684
v 0.116623 -0.257598 -0.101692
v 0.144948 0.080652 -0.041840
v 0.080834 0.108634 0.094800
v 0.100759 -0.194383 -0.147719
v 0.026652 -0.024298 0.009287
v 0.203036 0.046198 0.065222
v -0.005989 -0.177286 -0.096330
v 0.120832 0.032187 0.012044
v 0.083307 0.045432 0.080511
v 0.071386 -0.127878 -0.113406
v 0.075860 -0.095852 0.050554
v 0.146868 -0.023113 0.116528
v -0.056106 -0.073434 0.125624
v -0.109695 -0.157569 -0.029667
v -0.038965 -0.100265 -0.079443
v 0.002965 -0.122185 0.176597
v -0.101461 -0.164043 -0.107701
v -0.123002 -0.028093 -0.102963
v 0.051997 -0.156732 0.264534
v -0.187621 -0.150227 -0.132387
v -0.139974 -0.035313 -0.169406
v 0.040942 -0.176335 0.203550
v -0.125476 -0.098099 -0.191557
v -0.142079 0.050302 -0.209635
v 0.103603 -0.194487 0.248777
v -0.186305 -0.056245 -0.229402
v -0.096890 0.015095 -0.181401
v 0.098720 -0.221779 0.193900
v -0.064453 -0.049774 -0.224879
v -0.094819 0.128091 -0.232324
v 0.153274 -0.261838 0.205793
v -0.122790 -0.008221 -0.260653
v -0.024872 0.111498 -0.168857
v 0.109937 -0.245930 0.138565
v -0.047999 0.001168 -0.255590
v -0.002375 0.197705 -0.184332
v 0.158997 -0.274782 0.083969
v -0.075645 0.053912 -0.258566
v 0.055135 0.192515 -0.055730
v 0.073947 -0.263857 0.048731
v 0.046202 -0.007368 -0.188747
v 0.052974 0.220004 -0.132538
v 0.122358 -0.304132 -0.019198
v 0.010787 0.061159 -0.201168
v 0.104415 0.179844 0.005772
v 0.005988 -0.212180 -0.000076
v 0.096523 -0.033368 -0.112514
v 0.149848 0.228670 -0.054157
v 0.076975 -0.293965 -0.122353
v 0.020606 0.039755 -0.117500
v 0.134994 0.200074 0.079487
v -0.080296 -0.198726 -0.041896
v 0.148962 -0.035302 -0.016957
v 0.185606 0.164344 -0.005718
v 0.032455 -0.221938 -0.183830
v 0.005311 0.068615 0.007731
v 0.157040 0.062963 0.116248
v -0.025372 -0.120277 -0.068981
v 0.075374 -0.089084 -0.043428
v 0.154633 -0.011463 0.034051
v -0.155425 -0.181741 0.043960
v -0.153818 -0.083521 0.043214
v -0.114884 -0.026114 -0.014550
v -0.073991 -0.216160 0.079861
v -0.184659 -0.077525 -0.099506
v -0.103339 0.073189 0.028549
v -0.020800 -0.223177 0.220584
v -0.143680 0.014305 -0.139906
v -0.160578 0.061217 -0.139995
v 0.009643 -0.229239 0.160965
v -0.218853 -0.002944 -0.189532
v -0.152295 0.103899 -0.129737
v 0.026090 -0.268669 0.216831
v -0.159663 0.102382 -0.180447
v -0.129543 0.175389 -0.059892
v -0.003731 -0.260753 0.088588
v -0.158593 0.064620 -0.269910
v -0.067270 0.186809 -0.081067
v 0.019739 -0.321599 0.117420
v -0.098806 0.199539 -0.218147
v -0.053858 0.236745 -0.030937
v -0.017414 -0.286569 0.008647
v -0.080697 0.171909 -0.156426
v 0.029312 0.234617 -0.015824
v -0.017481 -0.343079 0.039010
v 0.000837 0.263156 -0.108976
v -0.023199 0.220409 0.029607
v -0.029143 -0.269305 -0.064983
v -0.005272 0.189128 -0.079519
v 0.092143 0.282026 -0.004772
v -0.066742 -0.289316 -0.038897
v 0.098954 0.295575 -0.070416
v 0.058265 0.262392 0.025826
v -0.059420 -0.260622 -0.161717
v 0.019661 0.177017 0.026125
v 0.157812 0.230362 0.066314
v -0.098317 -0.234240 -0.086030
v 0.126615 0.232563 -0.004353
v 0.092013 0.137564 0.123987
v -0.042484 -0.178711 -0.218420
v -0.017093 0.125112 0.061592
v 0.167406 0.115354 0.140680
v -0.114298 -0.191784 -0.161998
v 0.203354 0.133298 0.080333
v 0.066611 0.077204 0.139162
v 0.011334 -0.116056 -0.183285
v 0.018966 -0.013008 0.054892
v 0.162479 0.002074 0.122125
v -0.116693 -0.195378 0.158070
v -0.237059 -0.158147 -0.048311
v -0.200785 0.007970 -0.064412
v -0.098105 -0.160121 0.254949
v -0.221643 -0.093106 -0.169638
v -0.217108 0.062882 -0.181374
v 0.027852 -0.212130 0.335954
v -0.298889 -0.035905 -0.194093
v -0.323819 0.054313 -0.197706
v -0.055206 -0.229487 0.318833
v -0.208908 0.021552 -0.275214
v -0.207417 0.189410 -0.237076
v 0.079853 -0.261848 0.273540
v -0.265063 0.071086 -0.242865
v -0.221217 0.175236 -0.132758
v -0.033839 -0.291364 0.276532
v -0.154159 0.087128 -0.314787
v -0.133298 0.230437 -0.139590
v 0.080073 -0.284660 0.188126
v -0.221581 0.111439 -0.254674
v -0.156853 0.224588 -0.057119
v -0.021846 -0.320609 0.184910
v -0.074749 0.157972 -0.274560
v -0.031650 0.296098 -0.046628
v 0.045598 -0.343777 0.045923
v -0.162114 0.166714 -0.189174
v -0.050951 0.295862 0.032245
v -0.100987 -0.287435 0.064152
v 0.019684 0.173009 -0.159270
v 0.038136 0.315800 0.012891
v 0.022302 -0.362846 -0.052221
v -0.077765 0.173577 -0.074199
v 0.021750 0.223306 0.076453
v -0.164243 -0.266926 -0.001471
v 0.092984 0.150052 -0.084408
v 0.119887 0.280469 0.084184
v -0.013112 -0.313566 -0.111742
v -0.098103 0.136439 0.027233
v 0.093880 0.234190 0.135790
v -0.195107 -0.220476 -0.063034
v 0.154827 0.097487 0.020778
v 0.148233 0.194716 0.141848
v -0.034461 -0.200739 -0.157443
v -0.025498 0.046179 0.105746
v 0.157716 0.039498 0.176069
v -0.088585 -0.143231 -0.129257
v 0.112738 -0.048818 0.066863
v 0.116120 -0.091919 0.113892
v -0.190537 -0.288735 0.067674
v -0.249421 -0.068377 -0.056363
v -0.245741 0.078469 -0.120018
v -0.168597 -0.290759 0.159949
v -0.332799 0.038373 -0.077996
v -0.188607 0.201732 0.017507
v -0.136562 -0.356464 0.245640
v -0.237377 0.116778 -0.182321
v -0.235208 0.210436 -0.072093
v -0.076904 -0.347442 0.202171
v -0.315229 0.126456 -0.105105
v -0.229786 0.324078 -0.089863
v -0.135332 -0.361189 0.179855
v -0.196313 0.252981 -0.189331
v -0.196470 0.283803 -0.024230
v -0.111780 -0.369211 0.114478
v -0.262620 0.218749 0.011803
v -0.169867 0.337879 0.009429
v -0.213769 -0.352576 0.110135
v -0.101416 0.303862 -0.080494
v -0.135254 0.313369 0.041740
v -0.121525 -0.355553 0.050078
v -0.161612 0.237074 0.050172
v -0.078808 0.391384 0.032920
v -0.206791 -0.377469 0.031792
v -0.015492 0.335888 -0.017980
v -0.085584 0.325617 0.103115
v -0.165349 -0.345794 -0.033668
v -0.122353 0.294526 0.147898
v -0.014013 0.361714 0.094871
v -0.254338 -0.315781 -0.037039
v 0.057023 0.327962 0.087740
v -0.019904 0.273894 0.128054
v -0.153448 -0.304963 -0.074665
v -0.037491 0.236512 0.164790
v 0.058215 0.305120 0.151193
v -0.249874 -0.238221 -0.119072
v 0.025228 0.180044 0.117082
v 0.022335 0.196220 0.228489
v -0.176928 -0.204904 -0.170915
v -0.030566 0.107851 0.193096
v 0.081885 0.162278 0.199965
v -0.246824 -0.145479 -0.171398
v 0.133382 0.098276 0.185842
v 0.059949 0.073031 0.205574
v -0.135186 -0.154869 -0.029488
v -0.000749 -0.023695 0.125464
v 0.075113 -0.015565 0.160531
v -0.067999 -0.284597 0.164450
v -0.357349 -0.050396 -0.125670
v -0.231659 0.118183 -0.040914
v -0.159526 -0.266871 0.271922
v -0.279961 0.006825 -0.207240
v -0.280363 0.216555 -0.158210
v 0.010868 -0.325785 0.322763
v -0.388841 0.096341 -0.153618
v -0.358638 0.199038 -0.063504
v -0.079791 -0.370221 0.326233
v -0.286553 0.121250 -0.256325
v -0.315086 0.305603 -0.134989
v 0.015354 -0.388616 0.206256
v -0.367141 0.209192 -0.142038
v -0.304249 0.331486 0.022704
v -0.189062 -0.396240 0.239640
v -0.228412 0.205148 -0.205060
v -0.232869 0.400106 -0.013899
v -0.019372 -0.390311 0.094798
v -0.311439 0.246997 -0.029140
v -0.224205 0.306826 0.109783
v -0.191303 -0.395567 0.142902
v -0.169704 0.276110 -0.052467
v -0.189540 0.412951 0.092268
v -0.063967 -0.393566 0.019878
v -0.237952 0.279544 0.063450
v -0.177822 0.349318 0.198225
v -0.287060 -0.332250 0.074456
v -0.091612 0.232896 0.065513
v -0.092974 0.386777 0.173058
v -0.082712 -0.345352 -0.057421
v -0.158836 0.199612 0.129526
v -0.118752 0.251437 0.260830
v -0.289486 -0.269097 -0.014121
v -0.058321 0.176565 0.096657
v -0.037502 0.330752 0.205991
v -0.160544 -0.243436 -0.126557
v -0.081129 0.163182 0.218664
v -0.041497 0.189960 0.322929
v -0.335558 -0.195870 -0.066510
v 0.039043 0.066487 0.189820
v -0.016261 0.104911 0.270575
v -0.173834 -0.109911 -0.178459
v -0.040526 0.020050 0.227544
v 0.014898 -0.017492 0.352521
v -0.301637 -0.101649 -0.119226
v 0.032481 -0.102337 0.164696
v -0.000813 -0.067204 0.234329
v -0.107985 -0.355376 0.072359
v -0.088683 0.105886 -0.141987
v -0.099930 0.175899 -0.173776
v 0.000014 -0.386696 0.122768
v -0.179670 0.215188 -0.168713
v -0.080592 0.272043 -0.030355
v -0.102307 -0.452019 0.249297
v -0.153286 0.329030 -0.189502
v -0.150631 0.267921 -0.136922
v -0.021830 -0.461535 0.164179
v -0.229416 0.323631 -0.135553
v -0.184319 0.402573 -0.110714
v -0.122316 -0.492195 0.162289
v -0.096401 0.403165 -0.122724
v -0.137938 0.367459 -0.057990
v -0.053080 -0.464077 0.081496
v -0.180113 0.370577 0.016376
v -0.093800 0.457660 -0.034540
v -0.197859 -0.458800 0.063783
v -0.011177 0.443469 -0.010747
v -0.094415 0.387405 0.036619
v -0.125316 -0.431411 -0.016237
v -0.089213 0.434234 0.116647
v -0.034654 0.468782 0.069151
v -0.237519 -0.424459 -0.018637
v 0.074815 0.455584 0.108320
v -0.044809 0.343946 0.149807
v -0.203756 -0.383119 -0.081016
v -0.061299 0.379557 0.262012
v -0.001978 0.460690 0.151517
v -0.305197 -0.370887 -0.084900
v 0.110354 0.349103 0.188282
v 0.018666 0.263045 0.202309
v -0.231785 -0.310837 -0.154788
v 0.015218 0.282365 0.302177
v 0.064811 0.361341 0.261789
v -0.327817 -0.263548 -0.163053
v 0.121930 0.212485 0.239994
v 0.064205 0.152400 0.280160
v -0.265439 -0.189026 -0.234697
v 0.018090 0.085899 0.379398
v 0.075555 0.207139 0.293860
v -0.381218 -0.103223 -0.223281
v 0.112270 0.012207 0.346944
v 0.059757 0.050271 0.284059
v -0.227073 -0.149368 -0.078511
v 0.043975 -0.097338 0.330758
v 0.085198 -0.045734 0.258945
v 0.101142 -0.341297 0.110666
v -0.106066 0.070288 -0.255972
v -0.033515 0.155477 -0.036321
v 0.070202 -0.350287 0.230241
v -0.117391 0.147055 -0.309698
v -0.064425 0.277728 -0.219287
v 0.115753 -0.399156 0.175283
v -0.181249 0.229347 -0.299143
v -0.048371 0.279487 -0.127732
v 0.001204 -0.417055 0.264343
v -0.084958 0.246597 -0.278203
v -0.074626 0.380773 -0.198178
v 0.120140 -0.450697 0.086367
v -0.148472 0.310174 -0.247412
v -0.022580 0.379737 -0.051683
v -0.095997 -0.433966 0.154515
v -0.002381 0.314033 -0.131941
v 0.006371 0.451064 -0.097134
v 0.125851 -0.431551 0.016972
v -0.021707 0.377207 -0.102260
v 0.023678 0.401893 0.072626
v -0.133754 -0.437845 0.059387
v 0.065810 0.340730 -0.042563
v 0.061639 0.459103 -0.005422
v -0.002821 -0.424880 -0.094947
v 0.021846 0.391906 0.024990
v 0.047399 0.405622 0.195568
v -0.278738 -0.356378 -0.010186
v 0.111846 0.335229 0.088956
v 0.082735 0.407453 0.119019
v -0.087671 -0.357582 -0.137956
v 0.063828 0.317760 0.111835
v 0.074051 0.283642 0.313364
v -0.303652 -0.286196 -0.093974
v 0.132687 0.214828 0.162147
v 0.111090 0.294620 0.211630
v -0.141879 -0.283723 -0.182921
v 0.066532 0.187526 0.164645
v 0.097906 0.157127 0.385825
v -0.344622 -0.189324 -0.179748
v 0.124134 0.035924 0.237543
v 0.125660 0.118841 0.298918
v -0.226266 -0.126064 -0.267758
v 0.042776 -0.010389 0.243958
v 0.103597 -0.047571 0.403561
v -0.323946 -0.057048 -0.219919
v 0.050433 -0.154038 0.257114
v 0.085814 -0.100819 0.195365
v 0.111231 -0.388728 -0.001155
v -0.034118 0.136027 -0.243959
v 0.048778 0.169285 -0.230815
v 0.110848 -0.375082 0.103174
v -0.006046 0.246106 -0.232689
v 0.073725 0.286156 -0.125569
v 0.057701 -0.458688 0.152145
v 0.029042 0.366432 -0.246011
v 0.037883 0.302261 -0.192825
v 0.079581 -0.419816 0.021618
v -0.026434 0.328926 -0.216067
v 0.013440 0.400400 -0.174779
v 0.036425 -0.467190 0.063349
v 0.114592 0.428810 -0.196012
v 0.104077 0.376329 -0.155899
v 0.117714 -0.448153 -0.053376
v 0.069834 0.398899 -0.080545
v 0.102527 0.459857 -0.084986
v -0.001074 -0.444350 -0.008053
v 0.193345 0.457056 -0.086136
v 0.161148 0.395408 -0.060915
v 0.088721 -0.395125 -0.122908
v 0.107128 0.403652 0.031090
v 0.169469 0.463100 -0.007013
v -0.078742 -0.420116 -0.090701
v 0.248155 0.429294 0.016664
v 0.198390 0.360287 0.037952
v 0.004153 -0.383737 -0.191193
v 0.146790 0.390687 0.160336
v 0.185501 0.440899 0.094783
v -0.171798 -0.371214 -0.157313
v 0.233993 0.361466 0.132372
v 0.160297 0.287115 0.151574
v -0.104326 -0.307797 -0.243418
v 0.141467 0.241818 0.266169
v 0.202427 0.324199 0.224902
v -0.221002 -0.269119 -0.238148
v 0.181216 0.195788 0.177158
v 0.144276 0.135412 0.260360
v -0.168669 -0.183059 -0.331971
v 0.143750 0.063792 0.368852
v 0.202824 0.157099 0.269432
v -0.282028 -0.083552 -0.320824
v 0.171652 -0.020492 0.314763
v 0.147049 0.012290 0.246163
v -0.115805 -0.116624 -0.209851
v 0.093603 -0.136819 0.366464
v 0.130336 -0.088798 0.297689
v 0.182436 -0.330561 0.096823
v -0.058518 0.118750 -0.349826
v 0.089806 0.165536 -0.157479
v 0.175060 -0.337623 0.214282
v 0.014870 0.184718 -0.344984
v 0.079453 0.223996 -0.255488
v 0.281949 -0.388570 0.073991
v -0.054726 0.211415 -0.350839
v 0.080345 0.239350 -0.181652
v 0.197243 -0.384218 0.159240
v 0.077289 0.248152 -0.340481
v 0.115118 0.351075 -0.258064
v 0.308546 -0.406660 -0.012886
v 0.033632 0.302503 -0.302591
v 0.146120 0.323216 -0.093243
v 0.155908 -0.375220 0.041827
v 0.177660 0.303356 -0.206514
v 0.203799 0.410738 -0.151717
v 0.269012 -0.398967 -0.091597
v 0.165031 0.366266 -0.153212
v 0.192947 0.312428 -0.008448
v 0.111451 -0.333657 -0.070745
v 0.285557 0.307377 -0.129113
v 0.283805 0.412170 -0.078740
v 0.179088 -0.374626 -0.181238
v 0.224976 0.367711 -0.067096
v 0.229407 0.326395 0.063804
v 0.020059 -0.333380 -0.129179
v 0.302789 0.283433 0.028040
v 0.287070 0.383157 0.038084
v 0.109360 -0.341891 -0.266394
v 0.214556 0.271481 0.028887
v 0.244462 0.233596 0.234710
v -0.045557 -0.292555 -0.191073
v 0.234710 0.168782 0.100469
v 0.267246 0.269426 0.144476
v 0.015736 -0.263289 -0.220593
v 0.191571 0.217091 0.082181
v 0.222202 0.111359 0.307666
v -0.118058 -0.207032 -0.266431
v 0.221501 -0.027108 0.236854
v 0.184799 0.057932 0.259005
v -0.154262 -0.111483 -0.326099
v 0.171477 -0.049437 0.190392
v 0.186245 -0.124913 0.390728
v -0.197161 -0.060998 -0.282261
v 0.103324 -0.210232 0.271913
v 0.131046 -0.145472 0.230085
v 0.171503 -0.331718 -0.024689
v 0.023404 0.130246 -0.284192
v 0.109205 0.100311 -0.176302
v 0.234090 -0.357098 0.016934
v 0.004603 0.221068 -0.270625
v 0.156405 0.211191 -0.088650
v 0.219564 -0.402769 0.076430
v 0.148678 0.301442 -0.325015
v 0.155114 0.240524 -0.171080
v 0.271160 -0.360732 -0.033023
v 0.139720 0.252526 -0.252772
v 0.210005 0.287694 -0.144079
v 0.195121 -0.407522 -0.021687
v 0.224880 0.355742 -0.260303
v 0.216586 0.258190 -0.085952
v 0.245469 -0.313360 -0.081328
v 0.254650 0.339484 -0.197653
v 0.267769 0.312716 -0.072678
v 0.183805 -0.369536 -0.100767
v 0.311569 0.378810 -0.151353
v 0.275930 0.248977 -0.037965
v 0.191311 -0.281359 -0.180639
v 0.298527 0.327249 -0.032946
v 0.371801 0.317159 -0.005117
v 0.101447 -0.330761 -0.180659
v 0.351559 0.370429 -0.064306
v 0.285462 0.207992 0.034284
v 0.145442 -0.249800 -0.254499
v 0.297849 0.272484 0.075618
v 0.345460 0.339570 0.069732
v 0.020926 -0.321856 -0.265395
v 0.384132 0.250565 0.086125
v 0.313554 0.195275 0.113391
v 0.060699 -0.262833 -0.295400
v 0.301462 0.153379 0.201478
v 0.355631 0.207635 0.169415
v -0.060062 -0.238457 -0.319960
v 0.236617 0.129608 0.156491
v 0.222899 0.058211 0.180397
v -0.080720 -0.137281 -0.379187
v 0.225592 0.000564 0.331117
v 0.272207 0.056513 0.268212
v -0.165006 -0.051896 -0.384849
v 0.238915 -0.086272 0.331524
v 0.183987 -0.077669 0.265094
v -0.060749 -0.130374 -0.255291
v 0.139265 -0.226437 0.360130
v 0.171378 -0.163278 0.301270
v 0.242411 -0.279915 0.083258
v 0.051359 0.080218 -0.321988
v 0.155871 0.114631 -0.110181
v 0.250533 -0.287997 0.172111
v 0.136995 0.133147 -0.347621
v 0.140268 0.155135 -0.219039
v 0.381081 -0.316976 0.009264
v 0.066688 0.149478 -0.385258
v 0.184841 0.159219 -0.146947
v 0.295942 -0.310250 0.113059
v 0.222711 0.150304 -0.337639
v 0.253367 0.265364 -0.243037
v 0.392119 -0.318221 -0.058031
v 0.170065 0.227676 -0.346818
v 0.273681 0.203847 -0.122312
v 0.241491 -0.265198 0.020247
v 0.332431 0.196524 -0.248960
v 0.323852 0.302930 -0.223878
v 0.371449 -0.297596 -0.143843
v 0.277479 0.175872 -0.272661
v 0.351422 0.196021 -0.046707
v 0.176860 -0.253365 -0.123577
v 0.418444 0.195417 -0.121485
v 0.381317 0.315676 -0.139382
v 0.257214 -0.302093 -0.262540
v 0.316554 0.241970 -0.111008
v 0.357751 0.198817 0.033892
v 0.105742 -0.235722 -0.185140
v 0.458898 0.177201 -0.025556
v 0.399760 0.242826 0.004550
v 0.219019 -0.246098 -0.344691
v 0.247058 0.127750 -0.011325
v 0.362103 0.104046 0.182946
v 0.005015 -0.181677 -0.220655
v 0.361992 0.007208 0.141316
v 0.297817 0.111215 0.067347
v 0.021922 -0.179265 -0.314319
v 0.222702 0.048291 0.096474
v 0.311587 -0.016240 0.309192
v -0.050911 -0.133536 -0.308234
v 0.299337 -0.106898 0.241681
v 0.272482 -0.025548 0.202614
v -0.077385 -0.060971 -0.378814
v 0.200267 -0.177378 0.201248
v 0.241802 -0.195785 0.340140
v -0.192850 0.001409 -0.342041
v 0.168578 -0.239102 0.237244
v 0.151858 -0.179504 0.156064
v 0.229924 -0.276052 -0.037094
v 0.085297 0.081532 -0.245862
v 0.134514 0.035582 -0.160750
v 0.293046 -0.291510 -0.037965
v 0.097395 0.157259 -0.283184
v 0.197673 0.165397 -0.053120
v 0.308186 -0.315330 0.038466
v 0.188505 0.196313 -0.274584
v 0.236121 0.128261 -0.111275
v 0.337581 -0.278745 -0.081971
v 0.201971 0.196791 -0.202163
v 0.261832 0.176285 -0.046795
v 0.291923 -0.324145 -0.148766
v 0.251927 0.254945 -0.324534
v 0.298224 0.134388 -0.066159
v 0.343239 -0.258050 -0.192577
v 0.292223 0.228707 -0.195705
v 0.374065 0.270427 -0.085959
v 0.246054 -0.250313 -0.218990
v 0.358195 0.244934 -0.188542
v 0.349465 0.090237 -0.011521
v 0.303997 -0.214568 -0.291279
v 0.412458 0.163529 -0.063967
v 0.474902 0.124815 0.032191
v 0.155816 -0.205558 -0.327996
v 0.443953 0.261165 -0.057869
v 0.401121 0.126715 0.029496
v 0.196258 -0.130242 -0.394537
v 0.362053 0.141773 0.110766
v 0.449205 0.198006 0.063456
v 0.055342 -0.181136 -0.379467
v 0.440099 0.110739 0.113161
v 0.376949 0.063479 0.085746
v 0.115849 -0.143778 -0.322345
v 0.413991 -0.050691 0.184755
v 0.431657 0.042201 0.184262
v 0.007401 -0.091692 -0.425112
v 0.289891 0.042250 0.120457
v 0.311788 0.023011 0.215860
v -0.064912 -0.005589 -0.442405
v 0.323658 -0.127976 0.309255
v 0.360852 -0.041805 0.258799
v -0.136148 0.043106 -0.402973
v 0.252320 -0.130343 0.286817
v 0.223709 -0.089704 0.208860
v -0.024839 -0.060825 -0.241566
v 0.181831 -0.265155 0.318484
v 0.225222 -0.208168 0.263180
v 0.251010 -0.219606 0.038996
v 0.096290 0.023545 -0.265013
v 0.158923 0.016580 -0.101434
v 0.327234 -0.256812 0.107207
v 0.146746 0.047558 -0.226125
v 0.173427 0.116458 -0.254965
v 0.298564 -0.230269 -0.014087
v 0.147500 0.040010 -0.323723
v 0.250094 0.002522 -0.126195
v 0.366832 -0.259124 0.043317
v 0.248538 0.015414 -0.184396
v 0.258405 0.113488 -0.272032
v 0.384366 -0.200300 -0.170710
v 0.216193 0.057451 -0.289276
v 0.348280 0.014876 -0.156020
v 0.373168 -0.217893 -0.024247
v 0.419363 -0.010873 -0.123037
v 0.336906 0.078385 -0.298762
v 0.371699 -0.100706 -0.237757
v 0.368860 -0.103521 -0.191180
v 0.396742 -0.051167 -0.067676
v 0.311592 -0.210602 -0.133999
v 0.469912 -0.081905 -0.001924
v 0.367811 0.154845 -0.220738
v 0.301012 -0.124671 -0.307675
v 0.427637 -0.103537 -0.077445
v 0.445926 0.019271 0.048431
v 0.192103 -0.174978 -0.214866
v 0.481767 -0.053261 0.102894
v 0.449434 0.082850 -0.092345
v 0.215955 0.054021 -0.401089
v 0.433129 -0.197285 0.052531
v 0.381730 -0.049219 0.107937
v 0.122023 -0.176663 -0.251463
v 0.432194 -0.145416 0.196610
v 0.279042 0.056889 -0.001039
v 0.048890 -0.021310 -0.412890
v 0.357074 -0.212360 0.173603
v 0.361392 -0.119073 0.216597
v 0.030687 -0.124994 -0.289784
v 0.359896 -0.214399 0.268063
v 0.288509 -0.133619 0.099870
v -0.074257 0.101364 -0.441319
v 0.277632 -0.276153 0.209142
v 0.282014 -0.185644 0.243737
v -0.089505 -0.019880 -0.335425
v 0.207743 -0.289386 0.240906
v 0.154723 -0.165224 0.099359
v 0.184736 -0.213817 -0.054593
v 0.110934 -0.023510 -0.207466
v 0.198471 0.069132 -0.144442
v 0.205571 -0.215028 -0.128955
v 0.128968 0.081717 -0.308250
v 0.216045 0.058406 -0.069703
v 0.256380 -0.239597 -0.092670
v 0.218663 0.071094 -0.215847
v 0.255380 0.144789 -0.204868
v 0.315882 -0.171257 -0.194524
v 0.209477 -0.014824 -0.243930
v 0.291285 0.047833 -0.087744
v 0.275234 -0.221413 -0.162326
v 0.308661 0.086084 -0.219425
v 0.305722 0.092233 -0.153066
v 0.339316 -0.031028 -0.311549
v 0.349394 -0.000077 -0.219090
v 0.396512 0.096030 -0.146108
v 0.283646 -0.156813 -0.239177
v 0.380752 0.038250 -0.106028
v 0.340180 0.157467 -0.152079
v 0.261579 -0.067513 -0.342851
v 0.416620 -0.111557 -0.000287
v 0.459735 0.071401 -0.014207
v 0.225932 -0.144757 -0.303980
v 0.443170 0.000731 -0.052226
v 0.351145 0.103047 -0.085035
v 0.201187 -0.001462 -0.441561
v 0.408562 -0.043654 0.013930
v 0.407577 0.089813 -0.026557
v 0.113524 -0.105817 -0.383749
v 0.435155 -0.103691 0.083152
v 0.334888 0.122805 -0.004162
v 0.164990 -0.051472 -0.394093
v 0.413045 -0.175823 0.115386
v 0.446007 -0.001562 0.121987
v 0.050734 -0.082727 -0.347220
v 0.356256 -0.132167 0.122099
v 0.268559 -0.021037 0.074421
v 0.017724 0.056374 -0.460076
v 0.281964 -0.209130 0.174247
v 0.313266 -0.050795 0.163783
v -0.053992 0.035858 -0.376354
v 0.266262 -0.256012 0.284612
v 0.205593 -0.036380 0.058556
v 0.038365 -0.100795 -0.227142
v 0.200813 -0.235269 0.168868
v 0.192187 -0.089926 0.133754
v 0.178309 -0.071704 -0.128837
v 0.108126 -0.081192 -0.139551
v 0.155748 -0.091464 -0.067674
v 0.187985 -0.156127 -0.101173
v 0.158117 -0.071171 -0.205473
v 0.210876 -0.036396 -0.061308
v 0.240539 -0.074478 -0.184106
v 0.128323 -0.159485 -0.177719
v 0.239404 -0.106993 -0.074337
v 0.254545 -0.140055 -0.150413
v 0.193771 -0.127992 -0.174272
v 0.266221 -0.020293 -0.036615
v 0.293599 -0.001006 -0.252646
v 0.311844 -0.150391 -0.116911
v 0.291877 -0.088797 -0.030511
v 0.245422 -0.112315 -0.215745
v 0.305167 -0.057029 -0.157655
v 0.337192 -0.004990 -0.051165
v 0.297419 0.046386 -0.330797
v 0.389063 -0.171023 -0.121107
v 0.355872 -0.120424 -0.059911
v 0.294908 -0.064843 -0.244123
v 0.373546 -0.085933 -0.132134
v 0.381379 0.036271 -0.044390
v 0.232068 -0.019477 -0.314583
v 0.430835 -0.175817 -0.043801
v 0.346569 -0.067691 0.001899
v 0.199703 -0.090276 -0.270198
v 0.313925 -0.045249 -0.094408
v 0.380255 0.037501 0.039543
v 0.144445 0.098099 -0.397360
v 0.357651 -0.188199 -0.058506
v 0.338081 -0.160906 0.046925
v 0.134748 -0.042026 -0.293278
v 0.275464 -0.162684 -0.032913
v 0.333811 -0.044494 0.073970
v 0.047611 0.008851 -0.362871
v 0.324639 -0.225677 0.096972
v 0.296666 -0.136178 0.151581
v 0.005345 -0.034573 -0.315842
v 0.214962 -0.142720 0.026945
v 0.250645 -0.087266 0.141804
v -0.066880 0.105043 -0.350349
v 0.196988 -0.239213 0.054258
v 0.226684 -0.183308 0.114492
v -0.025875 0.041664 -0.299324
v 0.130727 -0.171997 0.026993
v 0.159453 -0.092971 0.049943
